4294967279,121
4294967279,120
4294967279,119
4294967279,118
4294967279,117
4294967279,116
4294967279,115
4294967279,114
4294967279,113
4294967279,112
4294967279,111
4294967278,33
4294967278,32
4294967278,31
4294967278,30
4294967278,29
4294967278,28
4294967278,27
4294967278,26
4294967278,25
4294967278,24
4294967278,23
4294967278,22
4294967278,21
4294967278,20
4294967278,19
4294967278,18
4294967278,17
4294967278,16
4294967278,15
4294967278,14
4294967278,13
4294967278,12
4294967278,11
4294967278,10
4294967278,9
4294967278,8
4294967278,7
4294967278,6
4294967278,5
4294967278,4
4294967279,132
4294967279,131
4294967279,130
4294967279,129
4294967279,128
4294967279,127
4294967279,126
4294967279,125
4294967279,124
4294967279,123
4294967279,122
4294967278,402
4294967278,230
4294967278,228
4294967278,219
4294967278,213
4294967278,212
4294967278,293
4294967278,320
306,5
306,4
306,3
306,2
306,1
4294967278,203
4294967278,313
4294967279,306
4294967278,380
4294967279,301
4294967278,199
4294967279,199
4294967278,198
4294967279,540
4294967279,197
4294967279,196
4294967279,194
4294967278,376
4294967278,375
4294967279,566
4294967279,190
4294967279,326
4294967278,391
4294967279,189
4294967278,188
4294967279,188
4294967279,187
4294967279,185
4294967278,183
4294967278,345
4294967279,183
4294967279,180
4294967279,344
4294967278,179
4294967278,131
4294967278,130
4294967278,129
4294967278,128
4294967278,127
4294967278,122
4294967278,120
4294967278,119
4294967278,118
4294967278,117
4294967278,115
4294967278,114
4294967278,113
4294967278,112
4294967278,108
4294967278,106
4294967278,105
4294967278,104
4294967278,103
4294967278,102
4294967278,101
4294967278,98
4294967278,96
4294967278,95
4294967278,94
4294967278,93
4294967278,92
4294967278,91
4294967278,90
4294967278,89
4294967278,86
4294967278,83
4294967278,82
4294967278,81
4294967278,80
4294967278,79
4294967278,78
4294967278,76
4294967278,73
4294967278,71
4294967278,70
4294967278,69
4294967278,68
4294967278,67
4294967278,66
4294967278,65
4294967278,369
4294967278,61
4294967278,60
4294967278,342
4294967278,59
4294967278,58
4294967278,57
4294967278,56
4294967278,55
4294967278,301
4294967278,54
4294967278,359
4294967278,53
4294967278,430
4294967278,52
4294967278,51
4294967278,384
4294967278,50
4294967278,49
4294967278,48
4294967278,47
4294967278,339
4294967278,46
4294967278,338
4294967278,45
4294967278,44
4294967278,399
4294967278,43
4294967278,42
4294967278,233
4294967278,41
4294967278,40
4294967278,39
4294967278,408
4294967278,38
4294967278,37
4294967278,294
4294967278,36
4294967278,35
4294967278,34
4294967278,260
4294967279,568
4294967279,85
4294967279,84
4294967279,83
4294967279,82
4294967279,302
4294967279,81
4294967279,80
4294967279,79
4294967279,78
4294967279,77
4294967279,76
4294967279,345
4294967279,75
4294967279,74
4294967279,73
4294967279,348
4294967279,71
4294967279,70
4294967279,69
4294967279,68
4294967279,535
4294967279,67
4294967279,66
4294967279,65
4294967279,60
4294967279,533
4294967279,59
4294967279,58
4294967279,57
4294967279,56
4294967279,51
4294967279,49
4294967279,531
4294967279,47
4294967279,336
4294967279,43
4294967279,42
4294967279,41
4294967279,37
4294967279,287
4294967279,35
4294967279,34
4294967279,33
4294967279,32
4294967279,31
4294967279,30
4294967279,27
4294967279,573
4294967279,25
4294967279,24
4294967279,23
4294967279,22
4294967279,21
4294967279,322
4294967279,20
4294967279,267
4294967279,19
4294967279,266
4294967279,18
4294967279,278
4294967279,16
4294967279,522
4294967279,14
4294967279,571
4294967279,12
4294967279,346
4294967279,11
4294967279,353
4294967279,10
4294967279,548
4294967279,9
4294967279,4
4294967278,361
4294967278,343
4294967278,64
4294967278,404
4294967279,55
4294967279,64
4294967279,358
4294967278,370
4294967279,63
4294967279,323
4294967278,62
4294967279,175
4294967279,61
4294967279,557
4294967279,172
4294967279,170
302,6
4294967279,169
302,5
302,4
4294967279,168
302,3
302,2
302,1
4294967279,556
4294967279,54
4294967279,564
4294967279,45
4294967279,53
4294967279,52
4294967279,293
4294967279,163
4294967294,392
4294967294,388
4294967279,50
4294967279,162
4294967279,555
4294967279,161
4294967279,160
4294967279,157
4294967279,159
4294967279,158
4294967279,156
4294967279,155
4294967279,153
4294967279,152
4294967279,40
4294967279,528
4294967278,435
4294967278,434
4294967279,289
4294967279,38
4294967279,553
4294967279,148
4294967279,36
4294967279,147
4294967279,288
4294967279,146
4294967279,145
4294967279,144
299,6
299,5
4294967279,143
299,4
299,3
299,2
299,1
4294967279,142
4294967294,409
4294967294,395
4294967294,406
4294967294,414
4294967294,403
4294967294,384
4294967294,116
4294967294,184
4294967294,164
